0
16
36
68
96
116
124
112
104
68
36
-8
-44
-80
-108
-124
-136
-124
-108
-80
-48
-8
36
68
96
116
124
112
104
68
36
-8
-44
-80
-108
-124
-136
-124
-108
-80
-48
-8
36
68
96
116
124
116
104
68
36
-4
-44
-80
-108
-124
-136
-124
-108
-80
-48
-8
36
68
96
116
124
116
104
68
36
-8
-44
-80
-108
-124
-136
-124
-108
-80
-48
-8
36
68
96
116
124
112
104
68
36
-8
-40
-76
-104
-124
-136
-124
-112
-80
-48
-8
36
68
96
116
124
112
104
68
36
-8
-44
-80
-108
-124
-136
-124
-112
-80
-48
-8
36
68
96
116
124
116
104
68
36
-8
-40
-76
-104
-124
-136
-124
-112
-80
-48
-8
36
68
96
116
124
112
104
68
36
-4
-44
-80
-108
-124
-136
-124
-108
-80
-48
-8
36
68
96
116
124
116
104
68
36
-8
-44
-80
-108
-124
-132
-124
-108
-80
-48
-8
36
68
96
116
124
112
104
68
36
-4
-44
-80
-108
-124
-132
-124
-108
-80
-48
