0
16
32
64
104
120
128
120
104
72
32
0
-40
-80
-112
-136
-136
-128
-112
-80
-40
0
40
72
104
120
128
120
104
72
32
0
-40
-80
-112
-136
-136
-128
-112
-80
-40
0
40
72
104
120
128
120
104
72
32
0
-40
-80
-112
-136
-136
-128
-112
-80
-40
0
40
72
104
120
128
120
104
72
32
0
-40
-80
-112
-136
-136
-128
-112
-80
-40
0
40
72
104
120
128
120
104
72
32
0
-40
-80
-112
-128
-128
-120
-112
-80
-48
-8
32
72
104
112
120
120
104
72
32
0
-40
-80
-112
-136
-136
-128
-112
-80
-40
0
32
64
96
120
128
120
104
72
32
0
-40
-80
-112
-128
-128
-120
-112
-80
-40
0
40
72
104
120
128
120
104
72
32
0
-40
-80
-112
-136
-136
-128
-112
-80
-40
0
32
64
96
120
128
120
104
72
32
0
-40
-80
-112
-128
-128
-120
-112
-80
-40
0
40
72
104
120
128
120
104
72
32
0
-40
-80
-112
-128
-128
-120
-112
-80
-48
